hour,SOC,DOC,MBC,EEC,CO2
0.0,108.14289812074587,2.663339711269913,2.1264448561407963,2.260669066308569,0.0026811020075633413
10.0,107.08527229175267,0.9012826857858882,1.4912078953217243,2.026938508095887,0.0031442702865593815
20.0,91.20139982274995,0.9444521122759479,2.1158680992666272,1.7908048226714355,0.0026065004062277727
30.0,90.83679741683946,3.3373643388885066,1.549050597291596,1.814729611238222,0.005319265844740289
40.0,94.83485361596965,2.902788308406074,0.7195874441102947,1.7752691939254752,0.004419412754896077
50.0,99.78065268212868,2.0908513217172637,1.6668273926311434,1.7702751448835141,0.005776885331221473
60.0,97.05203346206541,2.3446097432167687,2.559840724645947,2.329160775399041,0.0017297283741118433
70.0,104.11509911176074,1.2042706615642502,2.474110384906354,2.1533044312880736,0.0011187541978354637
80.0,101.65188898900632,3.75424193294674,2.4904037599971414,2.568127596871955,0.0067901538952542554
90.0,93.71042948739662,1.6541965905287093,1.3717496959355016,1.8727868070414164,0.0036142050573736073
100.0,103.68786959910655,2.1450777686787794,1.3864128380135994,1.999824140242798,0.004742010140695479
110.0,86.71866561378123,4.437311039627193,2.373147347535252,1.515074425581553,0.0015048594619777775
120.0,80.005484930882,3.359865012744547,2.471868527298282,1.4624550127890843,0.003516754947799236
130.0,103.06549353906684,2.350284201095895,2.4141545340802044,1.8020639836381287,0.003531109597176541
140.0,93.96135698210638,3.2998748406842937,1.614514496313476,1.8455121636426433,0.005183040048750646
150.0,104.58907826894738,2.5709501561268584,1.548138204836689,1.8336031594924231,0.007529794697359316
160.0,97.97043135761788,3.7099712366975677,1.55005834876639,2.007252368734213,0.0018384638993466165
170.0,80.50104874172781,3.1102917653305178,1.832041113405414,2.337611651748798,0.005754660194663578
180.0,104.83654823305837,2.716760851719564,2.449129561941897,1.9472550230282504,0.005908143096552488
190.0,96.37991521467998,2.6097649742180944,2.3206015917314704,2.3648759870713394,1e-05
200.0,90.10917486826978,2.920484207697278,1.252085141322571,1.6189025019204304,0.006906643248154629
210.0,90.63495783337214,2.3880773113074842,2.237973344856642,1.531010048520915,0.0020008197171357198
220.0,96.20381840442676,3.2893155452571494,1.5232740182804454,1.9619233975152743,0.007644353374804114
230.0,103.64357521179606,3.3915937559015883,1.6550228076025757,2.039891281316327,0.004496967632589957
240.0,97.12653005154749,2.1689295307782626,2.885603394690203,2.2638769243962407,0.0009753622103354622
250.0,97.0329914889041,3.129385472199236,2.5188833453987765,2.404051648033478,0.008465031444171881
260.0,103.9453631571779,4.8080703832057266,1.561386847760704,2.006572136714018,0.0021932103141076237
270.0,95.24208469279789,5.174505227947763,1.7298850539302362,1.9921695601712008,0.006843351087269925
280.0,100.4901068593633,4.588502459867677,2.6013807057882827,2.218247767776831,0.005897423984533713
290.0,106.52307855375346,4.013653617503593,2.081961297974221,2.0917899755151708,0.008119677064797893
300.0,86.74687468658463,3.969581808824081,2.0095119975667095,2.8349068820452894,0.0075686362392830275
310.0,92.68457551040771,3.7152254985538113,2.2222210439628216,2.2691615066640276,0.005578517696387694
320.0,100.50380702911632,4.131243531466623,2.415304549466865,2.5071304738910496,0.011713667352489535
330.0,87.22104894030144,5.703508888769792,3.381160109953725,2.4648986442560172,0.004818992106070201
340.0,85.29361121454055,5.176769522673225,1.7252942769748776,2.5684871482659246,0.009577367787014499
350.0,101.84199283345028,5.10060301473034,2.8429321309034785,2.2664880825902274,0.007811655489670214
360.0,101.79441411750602,5.659775135468821,2.4589183884699346,2.0634293131514134,0.005547143446480962
370.0,86.21875055584898,5.813889304639977,3.5556993377553696,2.388078946176559,0.009529851969283043
380.0,88.70855675317209,3.108519140147142,1.8695180386131707,2.6057729360760975,0.004535470503967127
390.0,87.16052527494088,4.627581406938152,3.5887450329629877,2.00064379596995,0.01257156026757639
400.0,91.32808558110924,7.026946834385017,3.086867005992216,2.1339600531059597,0.005914324760974025
410.0,92.80970535394451,4.983368018348255,2.0187029237179215,1.9413460264592852,0.010129633906495539
420.0,89.48121850048243,5.343556667276071,1.7664920836853084,2.426476817550796,0.008340302327439916
430.0,90.23915607752517,5.932807711960817,2.364504406937661,2.832065033796464,0.007146122499327935
440.0,105.36533492433868,7.414727352173258,1.6028213076534121,1.9671385186908772,0.011678756450751435
450.0,97.2277040911129,6.5652503641552,2.220735268583457,1.9538108902865217,0.0033460237374552835
460.0,102.79155837675778,6.623565505903589,3.2810031023934307,1.724305629057843,0.013589928156960938
470.0,88.95532268645454,5.9507703670560765,2.756651769708145,2.9782151987063714,0.005470644811077402
480.0,98.76146793809374,6.511542402869284,3.0037271884520784,2.3930178933898993,0.012547867368600474
490.0,98.69490162643643,7.355381259197391,2.11844017351991,2.1853969740241372,0.009174865594351829
500.0,93.80242830959095,7.052041257514535,2.54780514902737,2.220281256785518,0.008399859800596581
510.0,87.15536957720634,5.395976818212366,2.305453359690319,2.579751299385003,0.015795739202582215
520.0,98.06018416522801,6.472616661664806,2.702249995279214,2.2163771998936737,0.006485526216665973
530.0,90.95384667636334,5.472511579897306,2.593795900860009,2.206891152950875,0.006927991253919763
540.0,91.0261684717031,6.7758034143020165,1.6886971359038663,2.551051386021039,0.008143115781189921
550.0,90.50037540003724,7.1241197628664,3.308189290115001,2.256640587051648,0.006861093786668151
560.0,90.65347448624793,6.580168005674125,2.1750298819020406,2.1622281747972454,0.013316393981378127
570.0,80.30354639845189,6.454939119322018,2.2415336061426085,1.586301254669824,0.005005709853626644
580.0,87.37894834715983,5.330125172809236,2.0880357640431937,1.548703785986398,0.01335440063728255
590.0,84.63170345203189,6.68889469508716,1.3071440982145188,2.5767166443475316,0.005314311255257087
600.0,99.1482714088261,7.798094165547871,2.170048817026755,1.9123387913358856,0.008979990295636791
610.0,88.34609404496746,7.248734137386656,3.9740588640100514,2.1057586188458157,0.009275905689321717
620.0,99.84293670078765,6.743581674360585,1.2693783571311752,2.174151978830473,0.006305482110620345
630.0,88.3192588422734,7.238268060280756,1.7929071048415506,2.1901446449157906,0.01118467821448587
640.0,85.93072548323745,7.055339857451098,2.932765737497543,2.4529444745710234,0.005221471992412224
650.0,89.60012195020047,7.458816333952438,1.9100149604046444,2.315612431448802,0.012477855491703983
660.0,81.99332237402743,8.386708605975148,1.8441843151784152,2.1138255482007446,0.01153807793397388
670.0,95.52100019842491,7.439028259862103,2.345795305222876,1.7807472365382249,0.004960344848198675
680.0,91.08289993319872,8.545631749493266,2.281102506021897,1.703759909141852,0.011598580013462713
690.0,87.1003317243951,8.299950302077354,1.609089645668128,2.2601721666369383,0.0052181512519432
700.0,100.92663294545868,7.346455054022113,2.5700683722005944,2.768982520327929,0.010219801061597871
710.0,98.25830413796805,7.6709656127090105,3.0058989019722224,2.3047747091582096,0.005228210555981159
720.0,79.82137942969315,6.709574901594135,1.67355825743424,2.297118807837081,0.007389418908226406
730.0,86.77418348757784,7.394389761392754,2.328265371006824,2.046794627525783,0.012842086056644277
740.0,82.80945083691131,8.024219207706318,2.055667638849942,2.1475802975417437,0.008875872395691178
750.0,100.28757579591537,8.459738540343132,3.4067413232340016,1.8776245010283397,0.014034021513607409
760.0,88.85012138423754,8.456006571006421,1.299882955756474,1.7724564023812484,0.004225446394384817
770.0,78.398033454831,7.285640800913576,2.7987029961302428,1.7111501749995761,0.012511348077029142
780.0,91.39477544969614,8.69367304914728,2.32359630518017,2.1180868758368434,0.005596868023126102
790.0,93.96703469077642,8.932733470062365,2.4019715177816234,1.8573278495698977,0.007184653889235007
800.0,88.32581654824338,9.32726460766962,2.8242119736142546,2.1141208939997704,0.011819459120486504
810.0,85.87383052588059,7.902402309441769,1.874889037759651,2.3858838007172123,0.00817137498837814
820.0,102.31817342417668,8.516021302312764,1.9466556897671579,1.9756038319430866,0.014665255481315302
830.0,87.63429834262797,10.960473394928947,2.2363969877352083,2.0856913046442735,0.009257550042308276
840.0,76.35197106895117,8.843849486189804,3.2768214441390837,1.8132420276483527,0.013387172568387952
850.0,90.86439746835269,7.853339862436833,1.8341502091847421,1.3759878823669207,0.009665273283036303
860.0,90.76110861705405,8.97358912663921,2.7330262142808213,1.232296350289358,0.005209410546233786
870.0,80.60682875155706,8.261643666036054,2.3610620955805133,1.6583894453957329,0.015993983192839258
880.0,83.90040443443186,10.209352995967775,3.4462376287893055,2.1256720204928152,0.007132689384577844
890.0,77.19714922348307,9.618703102870533,2.8035027399801384,2.0724645606928727,0.010940617523737426
900.0,77.85842964791868,7.95782213229381,2.903492718506078,2.0988716897247643,0.0073099104983369865
910.0,83.93172740036981,9.435673945874127,3.5191372627951547,2.254251239106069,0.013533871043721547
920.0,85.9230121953947,9.172882423842976,2.9885764446649867,1.7347377474728325,0.016187532689893997
930.0,85.13176592529402,11.082538665422451,1.751483958258122,2.25220320332638,0.009093375374160977
940.0,81.15528488829567,9.710440827701463,3.7973325827578526,1.9448659869218035,0.01643777397097861
950.0,95.31766645233304,10.25235745428309,4.587265952040296,2.3248624988932667,0.008810578345122838
960.0,70.30601897385388,10.626959428600156,3.550786374259224,2.4228964478683657,0.01659311923922251
970.0,77.1397195110632,11.149052335993012,3.010392481127968,2.4964577741717093,0.013813519898551686
980.0,78.07037273711357,10.656035900304865,3.4182874016763916,2.443693129793876,0.008111699190636345
990.0,85.36360351437993,11.066425874207338,2.5719613043700336,2.119415044162518,0.02114110292834532
1000.0,70.29375911117756,9.273519297875565,3.383035066256783,2.2215744531019066,0.009251195807379847
1010.0,88.9439794021886,9.547918777890835,3.726964475722621,2.060233911777677,0.017429930313602755
1020.0,87.89319025071225,9.947919248283297,3.586402401478495,2.5163371512376154,0.01137360610889535
1030.0,90.49334512405666,10.915446086579676,3.0730327262909203,2.302104239074875,0.014515950026425731
1040.0,74.8064943354819,10.296771996986244,3.665408292078159,2.7915359666270256,0.02098529807985264
1050.0,87.91569602262571,9.200594415940829,2.887252938145961,2.740725845751931,0.007543003389194711
1060.0,84.2416362188548,10.417021036949539,4.625391290061616,2.6690861091400135,0.02311327133313726
1070.0,77.10320974006385,11.626120375062658,2.9737590941168195,2.9759961823699976,0.012792365983901405
1080.0,81.11814549380942,10.607116732975324,3.6696451240813106,2.7565779216125392,0.012319556635742503
1090.0,82.80980347034205,13.844258158036272,4.278065302492808,1.987493979365126,0.018440440467637206
1100.0,75.09412578177361,9.92334756255705,4.08638436941191,2.1375382860052436,0.010518227459864799
1110.0,79.67626675940359,10.848202976893251,3.017717612635582,2.546244023102978,0.02134765486210606
1120.0,95.11535955582167,12.64012629457366,3.5809159698958926,2.339515843967312,0.010837119554591719
1130.0,70.40137127426766,11.563082241043706,3.135285315391952,2.298463152802144,0.021608242719607776
1140.0,67.39595313047305,10.63537573616593,3.221126784736406,2.504113987521951,0.01520438485827099
1150.0,87.75080757923259,10.386690581295062,4.044689267996534,2.847831877053412,0.012415768761240578
1160.0,85.8806385428569,13.758860998075463,3.875370813618371,2.472899664518373,0.018532457520021795
1170.0,88.3401999889829,12.275863410746402,4.460198073162181,3.134639144890811,0.006986631677797467
1180.0,77.24679147533149,11.009712369591442,4.262710615864588,3.3346479649366976,0.01992288371288327
1190.0,95.55812192486546,14.193996616346926,4.198656547199248,2.672682108605659,0.011783929834624906
1200.0,75.40224175652992,11.836036029217219,3.8642702629090415,2.580546426125053,0.015264834313608446
1210.0,85.12153773082416,10.8952044827567,3.4635863951456134,3.232249521393069,0.020595225713004938
1220.0,82.40794884985934,10.211252703247453,2.807965833692829,2.7437678838085016,0.012450089515074642
1230.0,73.87161371699179,12.69514701486624,4.390796076697167,2.6688529375579657,0.023817401656392952
1240.0,91.71650734070656,11.312747548251577,4.1011542617289205,2.878712214754589,0.00982924008534362
1250.0,83.3816245825807,12.205972216282396,4.181541237729929,2.593187654007646,0.020670883065037605
1260.0,67.85782465764872,11.33876421708144,3.495356712612259,2.6476141342282142,0.014698484754600522
1270.0,83.79405324896628,11.83720379490007,4.346329703287015,3.1253074404029944,0.013984293479363766
1280.0,75.9290465364251,12.186624892120832,3.9631240671142587,2.6921351010078483,0.022295692151845924
1290.0,86.03528301172227,11.853466143619979,4.650613968432457,2.467940034097842,0.01301417445304317
1300.0,91.92000989489387,10.703402339499755,5.020349384854761,2.257464775500088,0.024530901701707627
1310.0,78.91281965596058,11.824028366149754,4.2414314278166545,2.3069089518174697,0.014054163705670522
1320.0,86.11445896032902,10.572207635584682,3.963495606223251,2.2845688556723553,0.01867870436441938
1330.0,78.10029729639713,11.490054364992405,4.561696426626901,2.8774630209513052,0.023186203997046243
1340.0,84.7481865566977,12.559655591235362,4.119817204163359,2.307820138869487,0.010047689912668502
1350.0,85.15381802251606,11.602968465307464,4.200653135575304,2.668643554509913,0.029954879017119684
1360.0,67.10870450391434,12.988402202862245,4.2769469024965705,2.4655088400243765,0.013617611032895759
1370.0,77.9063690510654,11.552618220224739,3.846894348542256,2.588203731448135,0.022926971097171515
1380.0,73.78767402489642,11.36344116799559,4.447364055730159,2.2937193334598143,0.018523305990454125
1390.0,77.71421431759138,11.861345688338504,4.72990732652331,2.6988613135804136,0.015257061327118826
1400.0,89.35519608643925,11.461893367591935,3.840024888456321,2.444921566726208,0.025918484799670755
1410.0,88.45979727665271,13.100899428568951,4.530952723980937,2.713455455091876,0.010874616965542738
1420.0,71.9215247367609,10.870436145527972,4.941921726871826,3.163119812433443,0.02970442000185497
1430.0,77.74998639109658,11.043839342511582,4.837777825452805,2.838118331847471,0.019529447352818398
1440.0,73.47799431202132,10.827268353238061,4.82580888992121,2.986068846150205,0.017978798125231697
1450.0,84.81947960708963,11.334043119015373,5.362079272668668,3.0794668705972317,0.023994950589466133
1460.0,74.03917086210214,13.874246645091212,4.789043092398783,3.193156571203174,0.012645070563753004
1470.0,80.34157967279734,13.801072167912086,4.904463841386447,3.2925048542954114,0.031892839922524396
1480.0,73.79379953532697,11.802004472451577,5.45878403008627,2.640782220276773,0.01161522176226809
1490.0,70.4578506309435,11.762549067300618,5.630706141648673,3.0868805281886265,0.02627795247149167
1500.0,75.4455533457979,11.133658283401735,5.137093962213283,3.2127392088629194,0.0202305210293973
1510.0,80.61100526059128,11.242899785144322,4.077773396308748,2.8323958817051977,0.015313621089150015
1520.0,76.13293475403424,13.267963245864358,5.028587441287941,3.1605876925492185,0.02784441740676888
1530.0,80.7121222643204,12.998813120950585,4.490974208036111,3.0572177448817337,0.01578156801658736
1540.0,72.83561821333379,13.9063962643217,5.382195610300065,3.3161967466394167,0.026356109687581515
1550.0,78.13273497010454,12.954987963132838,4.295465060708605,3.1400289297152977,0.01390573976175349
1560.0,81.60248955258359,12.706416572871017,3.486383019393048,3.4777900524314296,0.021209780725334536
1570.0,80.49222762901962,12.843883731381883,4.906192915947405,3.6490301602571056,0.020798934292170078
1580.0,84.9392627425718,13.052997172314146,5.045004524710236,3.203163154458502,0.01158260012916955
1590.0,74.65034137415944,12.113278995033797,4.727095895826442,3.050654852803086,0.02955468080344202
1600.0,63.46688487003727,13.837394314357281,4.064705848541999,3.322591275283138,0.012151599793105807
1610.0,83.45193211584244,13.69185941036314,4.988293487205999,3.156603461349428,0.025566428686844986
1620.0,75.40148511866114,12.50931886190893,4.561245775564235,3.2478839356104134,0.020988493475371215
1630.0,69.41201611917182,13.591514590998207,3.8032771449241167,3.24416436496608,0.012513787597325304
1640.0,64.31854806002238,11.706383679597668,4.221068294857646,3.2398477789841174,0.02838279339121129
1650.0,86.91148417429314,13.066438746345584,4.367100662136826,2.8889848651879197,0.011237593619683624
1660.0,72.21026966701152,13.502948669912184,4.007191846027382,3.195942892457162,0.02700866449752084
1670.0,72.70620896753854,11.909856077223447,4.932093569848186,3.3208209302958127,0.015098326291221879
1680.0,78.64772813744075,14.624756534087632,3.698268115622401,2.5619315450252285,0.017390547320948455
1690.0,71.55930473811573,13.675367205244406,4.821787977716371,3.279454587621287,0.02349221938464063
1700.0,82.04928616507594,13.652983714808931,4.030817243082576,3.6198411232003243,0.014750343359929368
1710.0,60.122959520093545,13.594445824969435,4.78727997243516,3.670506539750628,0.023682467533747264
1720.0,85.13977403041349,14.324309386459317,5.00885171740971,3.2856657307059884,0.012142019420035835
1730.0,82.14458014481133,14.386084322368584,3.9191694642464463,3.167251367115152,0.02908692530155735
1740.0,72.18026566513964,13.95824966526019,4.9459926301560975,3.6315101008900728,0.020602436109536666
1750.0,73.95383640576226,12.654067832214198,5.049582559102939,2.4844026165140862,0.014967970529417205
1760.0,75.1631159920567,13.183830123005796,5.422629518552352,3.1766236913652603,0.031863086693313045
1770.0,57.322608612212264,13.957464239019389,4.827595471710872,3.2146417167178076,0.012580474124628224
1780.0,76.25534488497728,14.076728104900347,4.727865690063561,3.9471709619725526,0.030400057182141647
1790.0,59.45077679487474,13.302311406732393,5.720573704761316,3.41814144771158,0.019759869460062956
1800.0,64.69910913406189,13.43692367827078,5.1141273840495645,3.968319778679888,0.02106179639817404
1810.0,67.66313536036849,13.376757690838282,5.831718698081222,3.8462270665493126,0.02561599262835814
1820.0,72.15507909370626,13.66862623141511,5.1226063811762,3.8466343062489483,0.017008351255755567
1830.0,58.87022195272768,13.877437764575678,5.2077861275008255,3.5043864994176324,0.03465829766991483
1840.0,71.51992119632659,14.87342647921528,4.817633089246931,3.907652960488431,0.014907497597740352
1850.0,69.52041626012182,13.482479152664498,4.811217530681683,3.2419539229159304,0.028731647235058524
1860.0,75.44437627095512,13.02653731997885,5.7112906825664425,3.472790035923359,0.023290053672591952
1870.0,73.80361122171595,13.712595647730064,5.242319438742955,3.420704747182454,0.017381325232902374
1880.0,54.33615687570432,14.277996861713724,5.409728754586094,3.3780560974598,0.03434320183942781
1890.0,65.52453493421416,14.677402240205147,5.503045761833401,2.812143568737216,0.016111899961511866
1900.0,74.33913813263567,13.378647434778468,5.313236517388946,3.1910746668171983,0.037129539257166326
1910.0,56.1240967763295,14.951798053431576,6.064210140773441,3.05489840618065,0.01836637383296772
1920.0,48.246364759883406,14.203955551658312,6.174650799580553,3.560530642284795,0.023940256405593597
1930.0,58.71907439416014,12.327301912938575,6.124806930604119,3.201116201150163,0.02689628828879321
1940.0,59.52048775058818,13.057453189086724,6.178268954536514,3.2027527911810423,0.019191325541037044
1950.0,70.60254245399946,13.561285997692988,5.351036067821865,3.3930381270244063,0.03720382159569058
1960.0,69.14106065118807,13.334264544749924,6.389421569738234,3.146291617124516,0.02077074616275379
1970.0,57.72406300853828,13.449899200968966,6.896623101118467,3.459107018948461,0.030727304165121178
1980.0,59.06351799347644,12.05531371803567,6.484356214532461,3.421294472667107,0.02353476405259068
1990.0,61.61020278330348,12.413962285486658,6.100394750213269,3.3320835346140396,0.02171139478454683
2000.0,58.5250860750602,13.59326246566361,5.937625381737866,3.644535486604857,0.03697605208007714
2010.0,53.833292065414,14.380586771422493,6.547547257043594,3.633666095973439,0.015068896234317451
2020.0,53.08929346276925,12.637506154206777,6.810593965930257,3.272665289090933,0.036703012296786006
2030.0,64.39992618104728,13.758051744554301,6.858400291062244,3.859596393510515,0.020423574369670183
2040.0,62.57951949309399,12.81246838957482,6.565048791810239,3.561219203154819,0.02665149126293222
2050.0,68.7796943413982,13.324794139496822,6.687023850710915,3.7516629508303314,0.030312824490168106
2060.0,62.51771416026749,13.248119495747494,6.455941538966221,3.2028378947703797,0.014076102378665953
2070.0,59.29343486599323,13.061254054515132,6.5527460613494,3.1984796569351412,0.04262211059515393
2080.0,56.70662235577077,10.975787819979324,7.711955612283193,3.784224954408551,0.02108404522861743
2090.0,58.87694324171449,10.756553136232226,7.611761965087615,3.2276507453791687,0.031324955902226954
2100.0,71.08890041160853,12.646563739794784,5.78371810719894,2.825114747759998,0.02733266028833725
2110.0,65.05805671625772,12.021555974769772,6.327659305374598,3.3271976203616473,0.022257743045279443
2120.0,64.82805153980199,13.170382683961751,6.39717428822499,3.293486768244537,0.03468638732675637
2130.0,58.54528475656644,11.182811117027855,6.653603786837835,3.1074857110534335,0.017089822316549513
2140.0,68.00332573941073,11.718025213314647,6.39591709783067,3.342117839523331,0.036469610795800425
2150.0,59.51001416265159,12.328667135911326,7.911085605091653,3.4628624885871973,0.020649408651454225
2160.0,46.90301534104623,12.925013219785987,6.648024971251701,3.192760821484363,0.02763977513698736
2170.0,55.65833407800544,11.57263747881826,6.777109266416312,3.5887239479206494,0.03178979203843431
2180.0,52.34895376949652,13.134821238046628,6.708345315732681,3.648721994615402,0.018105588034642333
2190.0,60.45453012862029,11.673665390984265,8.327055168743218,3.191650576081933,0.04332822726693294
2200.0,55.42381790369296,11.595202626854006,8.256251392321303,3.4987515146039363,0.021982375046111585
2210.0,53.16691169473072,12.191174107487267,7.997195122286548,3.4568056460737075,0.032916325875864016
2220.0,51.91945443424821,11.672503381502334,7.382649341927188,3.4637114057496987,0.0297289958629279
2230.0,66.93908648892138,12.188130003556331,7.619449091946762,3.3332672418387865,0.022512492854861964
2240.0,62.225112125432624,9.477178000505468,7.064057019212019,3.3085982360120174,0.03651407467062951
2250.0,52.65290266413669,11.675122835656527,7.742872189755468,3.420932753769487,0.016335004613490824
2260.0,62.72623120033787,10.998161564691433,7.686190061964542,3.2191239854494214,0.041059263142339084
2270.0,54.25507577345359,10.615911941710594,7.776560903700279,3.6828669682937845,0.020306016004598974
2280.0,60.02190107476624,13.115975854818036,8.433638741653569,3.612806378608381,0.02563395978246404
2290.0,60.77339891950257,11.27514279378315,8.798433191937914,2.8744229042780627,0.03729983341004361
2300.0,47.51164801281806,12.340403643555522,8.649143693128151,3.869463199328455,0.01781588264940129
2310.0,65.88401127684149,12.41716501162683,7.701004221873837,3.2642249092836844,0.04026909335437098
2320.0,54.044725952867395,10.08494630590844,7.140877139709343,2.9174950054920563,0.017915873316667455
2330.0,42.298640943556435,10.957110200901884,7.094133129732539,3.502927605943369,0.03237203706500722
2340.0,65.54476761019906,12.517683150495955,7.696657040212854,3.21077414515882,0.027482138209438792
2350.0,44.286852802154485,10.050892940002969,8.22730831657585,3.277613913495361,0.023684077869054965
2360.0,58.14622100853419,11.37341860117484,8.046897420259313,3.389136366131671,0.03711886493500199
2370.0,48.116345214879686,10.412608110278132,8.351230564855014,3.4522197469797664,0.01752545387286955
2380.0,53.15733135904859,10.380896032003779,8.125960263480701,3.6038843177184763,0.03736892362275968
2390.0,55.6603499554185,11.408149403851992,8.68055417948705,3.397759906144868,0.022983565514338885
2400.0,52.82606805135981,9.659526627138215,8.751923882310571,3.383894007540117,0.027778973996661887
2410.0,55.57675388228231,8.958748697840614,8.105742455410637,2.770187436461926,0.03437235894934217
2420.0,47.78807452601164,9.163543406609293,8.530763028133432,3.360250707852071,0.018760283349558347
2430.0,53.71964472999933,11.129263961910786,7.938689624459349,3.1810813866695917,0.041896682428307394
2440.0,56.36719849205038,9.508604126251885,8.405658693375214,3.5732819141202765,0.01913421287409773
2450.0,45.575814820307194,9.385422093285545,9.109717937524941,3.064038149114073,0.033143746965552896
2460.0,51.70351670020635,9.807013066037658,8.465054728306274,3.0682230591261996,0.02823968343603073
2470.0,59.09568408240135,9.942041837990717,8.418618902919645,2.6422393547807284,0.022583894949204732
2480.0,55.269650926035986,10.81381101224468,8.808544935574165,2.9527511731082394,0.038956439188568996
2490.0,49.14476038284303,9.660304479339837,8.654822350679181,3.439441522553657,0.015237958824235974
2500.0,64.11548864877372,9.159328266597996,8.393252328443634,2.733895422472699,0.03687801078164879
2510.0,38.611241292592084,9.394375336016312,9.27521082571127,2.5812985977491465,0.023836842411262417
2520.0,46.76699377562949,7.903927354626073,7.601133193565252,2.614601171174891,0.0238339891757502
2530.0,41.48470317810723,10.74191650135851,8.657671607519509,2.871901665280971,0.034131652802702556
2540.0,55.31237796705984,10.2020704855061,7.565803190506153,2.79707637480198,0.01934188650093703
2550.0,47.250412746530465,9.78498101352417,8.369313199177345,2.7055706097422445,0.03808859747308737
2560.0,54.63251549133952,8.563869963713897,7.870311865177181,2.30601463339386,0.0164370117189355
2570.0,63.474884290156226,9.009519419356254,8.323848329135512,2.6358235874310685,0.03202160590686928
2580.0,34.62809963713531,7.402314824793037,8.79976899380014,2.2782831899267864,0.023043997179445063
2590.0,41.709874557092995,7.198833353430569,9.404314394580172,2.4588521501940197,0.020217232085578123
2600.0,51.31250779264069,7.641047685427663,9.544582829605767,2.358901013450696,0.03671852863009718
2610.0,63.259263668920774,9.316726467292998,8.256063815805957,2.3720850085572756,0.016378376948690133
2620.0,47.75540729216076,9.351732541224685,8.726982421295746,2.4263911234723747,0.03807377911614318
2630.0,51.008571319759746,8.530592324648312,8.592047509183205,2.309978901376895,0.021851658092697387
2640.0,46.21625621108247,8.72023414806656,8.898833246646154,2.769372007332688,0.02203320131584937
2650.0,48.258376147951545,7.8931475618482,8.707453818158307,2.684347771766594,0.030034545730411352
2660.0,42.70034817550898,7.158563149323355,9.840108342971485,2.8166243920457856,0.0166887923733325
2670.0,40.2921723801868,6.485981040314089,9.49607232299618,2.4717645250221194,0.03730971569863877
2680.0,32.25912700720678,7.7643329427056385,9.47945590675697,2.5204016396282993,0.017701989674219015
2690.0,50.43674631956254,7.9340493924857,8.855539277142553,2.6539090859751466,0.02510777853635353
2700.0,48.388688525178004,6.763235783365726,9.323074666243585,2.508887442850875,0.02424300135019365
2710.0,57.03252421376966,7.27326846488571,8.064541730861299,2.5209992020135146,0.02087032821598764
2720.0,53.08381915842932,6.539764051299054,8.603835639790665,2.6444590309817233,0.03215345160405879
2730.0,41.38447465983706,5.9790661242208625,10.271020479300269,2.456482156530393,0.014656363819329664
2740.0,43.33112370663436,6.277338028177178,10.400047480072217,2.599440714561114,0.03156281315017107
2750.0,43.77409094724164,6.45402754390268,10.22138305368668,2.844739404460568,0.01890137997536373
2760.0,44.32711575721843,6.0403825068065435,9.898412764870553,2.608218575776417,0.02385908145415997
2770.0,39.000251180927705,6.2452791157770395,9.874526476112074,2.2334559870687225,0.02734151392365877
2780.0,45.279704945866484,7.332883806804573,10.191765993314075,2.274465956626886,0.012777176518850799
2790.0,45.046912882548334,6.2802085720318095,9.916519826979995,2.451307247314708,0.03270131693216391
2800.0,44.31198277566552,6.96623870969271,8.792420377982847,2.436139047620685,0.013299337749703842
2810.0,37.62663104560568,5.545166856802891,10.45557586579032,2.6097978967872852,0.027263353918219563
2820.0,37.905033686366934,6.572625966613167,10.057453220254198,2.8040780152287383,0.019465569859780218
2830.0,43.444295272397945,4.856499977603133,10.927568190880592,2.0217749912244747,0.016980059111773905
2840.0,48.078166186167124,6.713936613763502,10.872334594469043,2.3436974831302257,0.027999079253752134
2850.0,49.26830308515836,6.860998320143629,10.260367028148488,2.54547728765033,0.0104904406619356
2860.0,56.52886729440051,6.494509397908057,10.558100689633541,2.244859241399829,0.029652417013199185
2870.0,50.15052594201425,4.436224476591143,10.83760590468776,2.160448013262437,0.015877592668790755
2880.0,54.36505048779224,6.374027661529492,10.344767697793317,2.830229364833081,0.02206863512951859
2890.0,52.107772791902306,3.9938343589708127,10.766819389866262,2.511316511144927,0.022537707153329256
2900.0,37.28896644350983,3.4113842471349463,11.13125123455503,2.5035607446437713,0.013740983525495866
2910.0,49.004875909551984,4.49568840079181,9.972507574515989,2.9068727684041553,0.02826559803617453
2920.0,42.81213533988329,5.0672873786020345,10.366096747661405,2.620598264827662,0.01196270106753447
2930.0,33.7474973969097,4.253980422574553,10.181353365770715,3.0051794394948375,0.023623347311130426
2940.0,56.590875286420996,5.501028168171922,10.732455830962051,2.4088090033764558,0.017642913385898802
2950.0,45.30344069936562,2.8370158074611007,10.601518384317064,2.561055931957253,0.015149254127660647
2960.0,43.24377866536467,3.5158534766563996,11.75999268354177,2.439556905052337,0.02779300613391375
2970.0,46.993698256947255,2.8243620891931527,9.714466889242532,2.5845013538256243,0.00974522894607781
2980.0,46.09905867509403,3.5272833418214407,10.901495551567336,2.703451267317262,0.025583653670384506
2990.0,52.42584815600277,2.8375292227257845,10.971014143083616,2.5363721358502263,0.012436126458004328
3000.0,44.210312585586145,3.1428107926402076,10.224950770954107,2.35139881475703,0.0186045252874421
